   7.6156000e+02
   7.6156000e+02
   6.7096997e+02
   6.7096997e+02
   7.1660999e+02
   7.1660999e+02
   6.4557001e+02
   6.4557001e+02
   7.4456000e+02
   7.4456000e+02
   7.6815002e+02
   7.6815002e+02
   7.0848999e+02
   7.0848999e+02
   7.4484003e+02
   6.1053003e+02
   6.8146002e+02
   5.9203998e+02
   5.9203998e+02
   6.1603003e+02
   6.1603003e+02
   6.6475000e+02
   6.6475000e+02
   6.1238000e+02
   6.1238000e+02
   7.8939001e+02
   7.8939001e+02
   6.5246997e+02
   6.5246997e+02
   8.1054999e+02
   8.1054999e+02
   6.2940997e+02
   6.2940997e+02
   7.8234998e+02
   7.8234998e+02
   6.3503003e+02
   6.3503003e+02
   6.1020001e+02
   6.1020001e+02
   6.5169000e+02
   6.5169000e+02
   6.5962000e+02
   6.5962000e+02
