
 84.000000 27.000000 0.004677
 84.050000 27.000000 0.001557
 84.100000 27.000000 0.001166
 84.150000 27.000000 0.002469
 84.200000 27.000000 0.004620
 84.250000 27.000000 0.004041
 84.300000 27.000000 0.003096
 84.350000 27.000000 0.002936
 84.400000 27.000000 0.003125
 84.450000 27.000000 0.004227
 84.500000 27.000000 0.004860
 84.550000 27.000000 0.003520
 84.600000 27.000000 0.002075
 84.650000 27.000000 0.001974
 84.700000 27.000000 0.002191
 84.750000 27.000000 0.004675
 84.800000 27.000000 0.010515
 84.850000 27.000000 0.013854
 84.900000 27.000000 0.013973
 84.950000 27.000000 0.011017
 85.000000 27.000000 0.010554
 85.050000 27.000000 0.008009
 85.100000 27.000000 0.006175
 85.150000 27.000000 0.004467
 85.200000 27.000000 0.002788
 85.250000 27.000000 0.005282
 85.300000 27.000000 0.012745
 85.350000 27.000000 0.020447
 85.400000 27.000000 0.019787
 85.450000 27.000000 0.011074
 85.500000 27.000000 0.004042
 85.550000 27.000000 0.000610
 85.600000 27.000000 0.000988
 85.650000 27.000000 0.003402
 85.700000 27.000000 0.006299
 85.750000 27.000000 0.006876
 85.800000 27.000000 0.007233
 85.850000 27.000000 0.007026
 85.900000 27.000000 0.006543
 85.950000 27.000000 0.007744
 86.000000 27.000000 0.011102
 86.050000 27.000000 0.012699
 86.100000 27.000000 0.010441
 86.150000 27.000000 0.005024
 86.200000 27.000000 0.004956
 86.250000 27.000000 0.010630
 86.300000 27.000000 0.013063
 86.350000 27.000000 0.007721
 86.400000 27.000000 0.002212
 86.450000 27.000000 0.005880
 86.500000 27.000000 0.012928
 84.000000 27.050000 0.006012
 84.050000 27.050000 0.002656
 84.100000 27.050000 0.000347
 84.150000 27.050000 0.001114
 84.200000 27.050000 0.002494
 84.250000 27.050000 0.004376
 84.300000 27.050000 0.003197
 84.350000 27.050000 0.002189
 84.400000 27.050000 0.001933
 84.450000 27.050000 0.002882
 84.500000 27.050000 0.004144
 84.550000 27.050000 0.003669
 84.600000 27.050000 0.001885
 84.650000 27.050000 0.003251
 84.700000 27.050000 0.003181
 84.750000 27.050000 0.001457
 84.800000 27.050000 0.002996
 84.850000 27.050000 0.008632
 84.900000 27.050000 0.013323
 84.950000 27.050000 0.013787
 85.000000 27.050000 0.014267
 85.050000 27.050000 0.014349
 85.100000 27.050000 0.009604
 85.150000 27.050000 0.005683
 85.200000 27.050000 0.002815
 85.250000 27.050000 0.001918
 85.300000 27.050000 0.005918
 85.350000 27.050000 0.014335
 85.400000 27.050000 0.020789
 85.450000 27.050000 0.019630
 85.500000 27.050000 0.010998
 85.550000 27.050000 0.003924
 85.600000 27.050000 0.000983
 85.650000 27.050000 0.002725
 85.700000 27.050000 0.004832
 85.750000 27.050000 0.005351
 85.800000 27.050000 0.005670
 85.850000 27.050000 0.006281
 85.900000 27.050000 0.006124
 85.950000 27.050000 0.006998
 86.000000 27.050000 0.009974
 86.050000 27.050000 0.011841
 86.100000 27.050000 0.009922
 86.150000 27.050000 0.005475
 86.200000 27.050000 0.006051
 86.250000 27.050000 0.010016
 86.300000 27.050000 0.016038
 86.350000 27.050000 0.015797
 86.400000 27.050000 0.006339
 86.450000 27.050000 0.001710
 86.500000 27.050000 0.007776
 84.000000 27.100000 0.005380
 84.050000 27.100000 0.003741
 84.100000 27.100000 0.001185
 84.150000 27.100000 0.000529
 84.200000 27.100000 0.001730
 84.250000 27.100000 0.003142
 84.300000 27.100000 0.003723
 84.350000 27.100000 0.002622
 84.400000 27.100000 0.001535
 84.450000 27.100000 0.002099
 84.500000 27.100000 0.002658
 84.550000 27.100000 0.002316
 84.600000 27.100000 0.001189
 84.650000 27.100000 0.002392
 84.700000 27.100000 0.005575
 84.750000 27.100000 0.005053
 84.800000 27.100000 0.002511
 84.850000 27.100000 0.003694
 84.900000 27.100000 0.005925
 84.950000 27.100000 0.007952
 85.000000 27.100000 0.012988
 85.050000 27.100000 0.016871
 85.100000 27.100000 0.016997
 85.150000 27.100000 0.012232
 85.200000 27.100000 0.006836
 85.250000 27.100000 0.003134
 85.300000 27.100000 0.001830
 85.350000 27.100000 0.007126
 85.400000 27.100000 0.015844
 85.450000 27.100000 0.021630
 85.500000 27.100000 0.020231
 85.550000 27.100000 0.012726
 85.600000 27.100000 0.006009
 85.650000 27.100000 0.003973
 85.700000 27.100000 0.002802
 85.750000 27.100000 0.002487
 85.800000 27.100000 0.004400
 85.850000 27.100000 0.006688
 85.900000 27.100000 0.008140
 85.950000 27.100000 0.008832
 86.000000 27.100000 0.008894
 86.050000 27.100000 0.008304
 86.100000 27.100000 0.005832
 86.150000 27.100000 0.005820
 86.200000 27.100000 0.007496
 86.250000 27.100000 0.010586
 86.300000 27.100000 0.013953
 86.350000 27.100000 0.019554
 86.400000 27.100000 0.017058
 86.450000 27.100000 0.007020
 86.500000 27.100000 0.003774
 84.000000 27.150000 0.004727
 84.050000 27.150000 0.003797
 84.100000 27.150000 0.002279
 84.150000 27.150000 0.001024
 84.200000 27.150000 0.001082
 84.250000 27.150000 0.002001
 84.300000 27.150000 0.002932
 84.350000 27.150000 0.002905
 84.400000 27.150000 0.002045
 84.450000 27.150000 0.001891
 84.500000 27.150000 0.002247
 84.550000 27.150000 0.001652
 84.600000 27.150000 0.000897
 84.650000 27.150000 0.001665
 84.700000 27.150000 0.003855
 84.750000 27.150000 0.006059
 84.800000 27.150000 0.006700
 84.850000 27.150000 0.005060
 84.900000 27.150000 0.003163
 84.950000 27.150000 0.002950
 85.000000 27.150000 0.006351
 85.050000 27.150000 0.011142
 85.100000 27.150000 0.016305
 85.150000 27.150000 0.017321
 85.200000 27.150000 0.014107
 85.250000 27.150000 0.010668
 85.300000 27.150000 0.006894
 85.350000 27.150000 0.004987
 85.400000 27.150000 0.008776
 85.450000 27.150000 0.016548
 85.500000 27.150000 0.022170
 85.550000 27.150000 0.021066
 85.600000 27.150000 0.015758
 85.650000 27.150000 0.010296
 85.700000 27.150000 0.004008
 85.750000 27.150000 0.001358
 85.800000 27.150000 0.002196
 85.850000 27.150000 0.004929
 85.900000 27.150000 0.008500
 85.950000 27.150000 0.012126
 86.000000 27.150000 0.011760
 86.050000 27.150000 0.006654
 86.100000 27.150000 0.002971
 86.150000 27.150000 0.003832
 86.200000 27.150000 0.007962
 86.250000 27.150000 0.010360
 86.300000 27.150000 0.011205
 86.350000 27.150000 0.014622
 86.400000 27.150000 0.021381
 86.450000 27.150000 0.018866
 86.500000 27.150000 0.008281
 84.000000 27.200000 0.004344
 84.050000 27.200000 0.004158
 84.100000 27.200000 0.004401
 84.150000 27.200000 0.002782
 84.200000 27.200000 0.001341
 84.250000 27.200000 0.001308
 84.300000 27.200000 0.002226
 84.350000 27.200000 0.002684
 84.400000 27.200000 0.002230
 84.450000 27.200000 0.002187
 84.500000 27.200000 0.002436
 84.550000 27.200000 0.001997
 84.600000 27.200000 0.001622
 84.650000 27.200000 0.001568
 84.700000 27.200000 0.002369
 84.750000 27.200000 0.004596
 84.800000 27.200000 0.006051
 84.850000 27.200000 0.006007
 84.900000 27.200000 0.004275
 84.950000 27.200000 0.004193
 85.000000 27.200000 0.004949
 85.050000 27.200000 0.005616
 85.100000 27.200000 0.010676
 85.150000 27.200000 0.013138
 85.200000 27.200000 0.015467
 85.250000 27.200000 0.014894
 85.300000 27.200000 0.014939
 85.350000 27.200000 0.012852
 85.400000 27.200000 0.010463
 85.450000 27.200000 0.012946
 85.500000 27.200000 0.016732
 85.550000 27.200000 0.022702
 85.600000 27.200000 0.023020
 85.650000 27.200000 0.018291
 85.700000 27.200000 0.011290
 85.750000 27.200000 0.005720
 85.800000 27.200000 0.002741
 85.850000 27.200000 0.002941
 85.900000 27.200000 0.006524
 85.950000 27.200000 0.011749
 86.000000 27.200000 0.013973
 86.050000 27.200000 0.009159
 86.100000 27.200000 0.005090
 86.150000 27.200000 0.005025
 86.200000 27.200000 0.007957
 86.250000 27.200000 0.010310
 86.300000 27.200000 0.009006
 86.350000 27.200000 0.009844
 86.400000 27.200000 0.016806
 86.450000 27.200000 0.024038
 86.500000 27.200000 0.020012
 84.000000 27.250000 0.002162
 84.050000 27.250000 0.004339
 84.100000 27.250000 0.005431
 84.150000 27.250000 0.005418
 84.200000 27.250000 0.003047
 84.250000 27.250000 0.001854
 84.300000 27.250000 0.001972
 84.350000 27.250000 0.002312
 84.400000 27.250000 0.001960
 84.450000 27.250000 0.002146
 84.500000 27.250000 0.002345
 84.550000 27.250000 0.002603
 84.600000 27.250000 0.003126
 84.650000 27.250000 0.002923
 84.700000 27.250000 0.002118
 84.750000 27.250000 0.003469
 84.800000 27.250000 0.005759
 84.850000 27.250000 0.004855
 84.900000 27.250000 0.003131
 84.950000 27.250000 0.004942
 85.000000 27.250000 0.005813
 85.050000 27.250000 0.005504
 85.100000 27.250000 0.008885
 85.150000 27.250000 0.012168
 85.200000 27.250000 0.011824
 85.250000 27.250000 0.012145
 85.300000 27.250000 0.013696
 85.350000 27.250000 0.017734
 85.400000 27.250000 0.019517
 85.450000 27.250000 0.018770
 85.500000 27.250000 0.019114
 85.550000 27.250000 0.020312
 85.600000 27.250000 0.023760
 85.650000 27.250000 0.022794
 85.700000 27.250000 0.018331
 85.750000 27.250000 0.013737
 85.800000 27.250000 0.008793
 85.850000 27.250000 0.005533
 85.900000 27.250000 0.005124
 85.950000 27.250000 0.008972
 86.000000 27.250000 0.010561
 86.050000 27.250000 0.009307
 86.100000 27.250000 0.008488
 86.150000 27.250000 0.009693
 86.200000 27.250000 0.011904
 86.250000 27.250000 0.011159
 86.300000 27.250000 0.007628
 86.350000 27.250000 0.004462
 86.400000 27.250000 0.008931
 86.450000 27.250000 0.020975
 86.500000 27.250000 0.028480
 84.000000 27.300000 0.000982
 84.050000 27.300000 0.002413
 84.100000 27.300000 0.006562
 84.150000 27.300000 0.006590
 84.200000 27.300000 0.004823
 84.250000 27.300000 0.004142
 84.300000 27.300000 0.004210
 84.350000 27.300000 0.003424
 84.400000 27.300000 0.002326
 84.450000 27.300000 0.001321
 84.500000 27.300000 0.001655
 84.550000 27.300000 0.003078
 84.600000 27.300000 0.005144
 84.650000 27.300000 0.005054
 84.700000 27.300000 0.003610
 84.750000 27.300000 0.003120
 84.800000 27.300000 0.005279
 84.850000 27.300000 0.005090
 84.900000 27.300000 0.004110
 84.950000 27.300000 0.003962
 85.000000 27.300000 0.003740
 85.050000 27.300000 0.004642
 85.100000 27.300000 0.009186
 85.150000 27.300000 0.014533
 85.200000 27.300000 0.015131
 85.250000 27.300000 0.012215
 85.300000 27.300000 0.010832
 85.350000 27.300000 0.009681
 85.400000 27.300000 0.015858
 85.450000 27.300000 0.022820
 85.500000 27.300000 0.027414
 85.550000 27.300000 0.029311
 85.600000 27.300000 0.025361
 85.650000 27.300000 0.021938
 85.700000 27.300000 0.020684
 85.750000 27.300000 0.020115
 85.800000 27.300000 0.015459
 85.850000 27.300000 0.011408
 85.900000 27.300000 0.008918
 85.950000 27.300000 0.008133
 86.000000 27.300000 0.007670
 86.050000 27.300000 0.007575
 86.100000 27.300000 0.008043
 86.150000 27.300000 0.011231
 86.200000 27.300000 0.016822
 86.250000 27.300000 0.017431
 86.300000 27.300000 0.010521
 86.350000 27.300000 0.004194
 86.400000 27.300000 0.002766
 86.450000 27.300000 0.010152
 86.500000 27.300000 0.025189
 84.000000 27.350000 0.001836
 84.050000 27.350000 0.002582
 84.100000 27.350000 0.005600
 84.150000 27.350000 0.006265
 84.200000 27.350000 0.005548
 84.250000 27.350000 0.005221
 84.300000 27.350000 0.006090
 84.350000 27.350000 0.006193
 84.400000 27.350000 0.005731
 84.450000 27.350000 0.002932
 84.500000 27.350000 0.001267
 84.550000 27.350000 0.001996
 84.600000 27.350000 0.004616
 84.650000 27.350000 0.006679
 84.700000 27.350000 0.005452
 84.750000 27.350000 0.004471
 84.800000 27.350000 0.005454
 84.850000 27.350000 0.005846
 84.900000 27.350000 0.006316
 84.950000 27.350000 0.005555
 85.000000 27.350000 0.002129
 85.050000 27.350000 0.001770
 85.100000 27.350000 0.005055
 85.150000 27.350000 0.012847
 85.200000 27.350000 0.019903
 85.250000 27.350000 0.019752
 85.300000 27.350000 0.015732
 85.350000 27.350000 0.008867
 85.400000 27.350000 0.006033
 85.450000 27.350000 0.012621
 85.500000 27.350000 0.021756
 85.550000 27.350000 0.032501
 85.600000 27.350000 0.034533
 85.650000 27.350000 0.029473
 85.700000 27.350000 0.024862
 85.750000 27.350000 0.022062
 85.800000 27.350000 0.017520
 85.850000 27.350000 0.014899
 85.900000 27.350000 0.013255
 85.950000 27.350000 0.010724
 86.000000 27.350000 0.008552
 86.050000 27.350000 0.007178
 86.100000 27.350000 0.007835
 86.150000 27.350000 0.010431
 86.200000 27.350000 0.015125
 86.250000 27.350000 0.019069
 86.300000 27.350000 0.016350
 86.350000 27.350000 0.009900
 86.400000 27.350000 0.004924
 86.450000 27.350000 0.003294
 86.500000 27.350000 0.010485
 84.000000 27.400000 0.002190
 84.050000 27.400000 0.004474
 84.100000 27.400000 0.005529
 84.150000 27.400000 0.005187
 84.200000 27.400000 0.004462
 84.250000 27.400000 0.004650
 84.300000 27.400000 0.005794
 84.350000 27.400000 0.007820
 84.400000 27.400000 0.008726
 84.450000 27.400000 0.007561
 84.500000 27.400000 0.003725
 84.550000 27.400000 0.002003
 84.600000 27.400000 0.003160
 84.650000 27.400000 0.004997
 84.700000 27.400000 0.006145
 84.750000 27.400000 0.006103
 84.800000 27.400000 0.005353
 84.850000 27.400000 0.007214
 84.900000 27.400000 0.008865
 84.950000 27.400000 0.008410
 85.000000 27.400000 0.003568
 85.050000 27.400000 0.001544
 85.100000 27.400000 0.001740
 85.150000 27.400000 0.005387
 85.200000 27.400000 0.016724
 85.250000 27.400000 0.023902
 85.300000 27.400000 0.022408
 85.350000 27.400000 0.017220
 85.400000 27.400000 0.010360
 85.450000 27.400000 0.006523
 85.500000 27.400000 0.009176
 85.550000 27.400000 0.016082
 85.600000 27.400000 0.028421
 85.650000 27.400000 0.037435
 85.700000 27.400000 0.036130
 85.750000 27.400000 0.029689
 85.800000 27.400000 0.022949
 85.850000 27.400000 0.014337
 85.900000 27.400000 0.011594
 85.950000 27.400000 0.011327
 86.000000 27.400000 0.010534
 86.050000 27.400000 0.009808
 86.100000 27.400000 0.009493
 86.150000 27.400000 0.010773
 86.200000 27.400000 0.012864
 86.250000 27.400000 0.014091
 86.300000 27.400000 0.014576
 86.350000 27.400000 0.014884
 86.400000 27.400000 0.012739
 86.450000 27.400000 0.006565
 86.500000 27.400000 0.002003
 84.000000 27.450000 0.003108
 84.050000 27.450000 0.005029
 84.100000 27.450000 0.005135
 84.150000 27.450000 0.004804
 84.200000 27.450000 0.004264
 84.250000 27.450000 0.003563
 84.300000 27.450000 0.003917
 84.350000 27.450000 0.006081
 84.400000 27.450000 0.009131
 84.450000 27.450000 0.011249
 84.500000 27.450000 0.009192
 84.550000 27.450000 0.005579
 84.600000 27.450000 0.003776
 84.650000 27.450000 0.003631
 84.700000 27.450000 0.004916
 84.750000 27.450000 0.005260
 84.800000 27.450000 0.005077
 84.850000 27.450000 0.007348
 84.900000 27.450000 0.011979
 84.950000 27.450000 0.011355
 85.000000 27.450000 0.007875
 85.050000 27.450000 0.004506
 85.100000 27.450000 0.002026
 85.150000 27.450000 0.001085
 85.200000 27.450000 0.007136
 85.250000 27.450000 0.019712
 85.300000 27.450000 0.025186
 85.350000 27.450000 0.022517
 85.400000 27.450000 0.019238
 85.450000 27.450000 0.015134
 85.500000 27.450000 0.008344
 85.550000 27.450000 0.003519
 85.600000 27.450000 0.008449
 85.650000 27.450000 0.023308
 85.700000 27.450000 0.036907
 85.750000 27.450000 0.039977
 85.800000 27.450000 0.032546
 85.850000 27.450000 0.023224
 85.900000 27.450000 0.011608
 85.950000 27.450000 0.007179
 86.000000 27.450000 0.007818
 86.050000 27.450000 0.010374
 86.100000 27.450000 0.013120
 86.150000 27.450000 0.013353
 86.200000 27.450000 0.012808
 86.250000 27.450000 0.009621
 86.300000 27.450000 0.009769
 86.350000 27.450000 0.014424
 86.400000 27.450000 0.017826
 86.450000 27.450000 0.012926
 86.500000 27.450000 0.004331
 84.000000 27.500000 0.005672
 84.050000 27.500000 0.005525
 84.100000 27.500000 0.004634
 84.150000 27.500000 0.002706
 84.200000 27.500000 0.004354
 84.250000 27.500000 0.004319
 84.300000 27.500000 0.003250
 84.350000 27.500000 0.003024
 84.400000 27.500000 0.006403
 84.450000 27.500000 0.010716
 84.500000 27.500000 0.012406
 84.550000 27.500000 0.010132
 84.600000 27.500000 0.006882
 84.650000 27.500000 0.005188
 84.700000 27.500000 0.004239
 84.750000 27.500000 0.003589
 84.800000 27.500000 0.003203
 84.850000 27.500000 0.005621
 84.900000 27.500000 0.011260
 84.950000 27.500000 0.013378
 85.000000 27.500000 0.012646
 85.050000 27.500000 0.010729
 85.100000 27.500000 0.005773
 85.150000 27.500000 0.001536
 85.200000 27.500000 0.002241
 85.250000 27.500000 0.011362
 85.300000 27.500000 0.020733
 85.350000 27.500000 0.022578
 85.400000 27.500000 0.022593
 85.450000 27.500000 0.020363
 85.500000 27.500000 0.016872
 85.550000 27.500000 0.007723
 85.600000 27.500000 0.002488
 85.650000 27.500000 0.006150
 85.700000 27.500000 0.017835
 85.750000 27.500000 0.031682
 85.800000 27.500000 0.036685
 85.850000 27.500000 0.035707
 85.900000 27.500000 0.025678
 85.950000 27.500000 0.011056
 86.000000 27.500000 0.004430
 86.050000 27.500000 0.005009
 86.100000 27.500000 0.010170
 86.150000 27.500000 0.015138
 86.200000 27.500000 0.014754
 86.250000 27.500000 0.008056
 86.300000 27.500000 0.005981
 86.350000 27.500000 0.011714
 86.400000 27.500000 0.018828
 86.450000 27.500000 0.015947
 86.500000 27.500000 0.008477
 84.000000 27.550000 0.010313
 84.050000 27.550000 0.007074
 84.100000 27.550000 0.004118
 84.150000 27.550000 0.001594
 84.200000 27.550000 0.002278
 84.250000 27.550000 0.004756
 84.300000 27.550000 0.004472
 84.350000 27.550000 0.003113
 84.400000 27.550000 0.003330
 84.450000 27.550000 0.006683
 84.500000 27.550000 0.010766
 84.550000 27.550000 0.012765
 84.600000 27.550000 0.010661
 84.650000 27.550000 0.007796
 84.700000 27.550000 0.006065
 84.750000 27.550000 0.004626
 84.800000 27.550000 0.002881
 84.850000 27.550000 0.002932
 84.900000 27.550000 0.005742
 84.950000 27.550000 0.009985
 85.000000 27.550000 0.014444
 85.050000 27.550000 0.016637
 85.100000 27.550000 0.013278
 85.150000 27.550000 0.005994
 85.200000 27.550000 0.002858
 85.250000 27.550000 0.005103
 85.300000 27.550000 0.014881
 85.350000 27.550000 0.022299
 85.400000 27.550000 0.024507
 85.450000 27.550000 0.021899
 85.500000 27.550000 0.016684
 85.550000 27.550000 0.013179
 85.600000 27.550000 0.009696
 85.650000 27.550000 0.006747
 85.700000 27.550000 0.006350
 85.750000 27.550000 0.011184
 85.800000 27.550000 0.021204
 85.850000 27.550000 0.032858
 85.900000 27.550000 0.037462
 85.950000 27.550000 0.028035
 86.000000 27.550000 0.013318
 86.050000 27.550000 0.005227
 86.100000 27.550000 0.003948
 86.150000 27.550000 0.010190
 86.200000 27.550000 0.013143
 86.250000 27.550000 0.008743
 86.300000 27.550000 0.005393
 86.350000 27.550000 0.010341
 86.400000 27.550000 0.015492
 86.450000 27.550000 0.014968
 86.500000 27.550000 0.012975
 84.000000 27.600000 0.014260
 84.050000 27.600000 0.010676
 84.100000 27.600000 0.004253
 84.150000 27.600000 0.001179
 84.200000 27.600000 0.000943
 84.250000 27.600000 0.003110
 84.300000 27.600000 0.004890
 84.350000 27.600000 0.004879
 84.400000 27.600000 0.003414
 84.450000 27.600000 0.003645
 84.500000 27.600000 0.006447
 84.550000 27.600000 0.011179
 84.600000 27.600000 0.011950
 84.650000 27.600000 0.009291
 84.700000 27.600000 0.007461
 84.750000 27.600000 0.007664
 84.800000 27.600000 0.006236
 84.850000 27.600000 0.003434
 84.900000 27.600000 0.001600
 84.950000 27.600000 0.004024
 85.000000 27.600000 0.010403
 85.050000 27.600000 0.016545
 85.100000 27.600000 0.018581
 85.150000 27.600000 0.014780
 85.200000 27.600000 0.007799
 85.250000 27.600000 0.003320
 85.300000 27.600000 0.008013
 85.350000 27.600000 0.020926
 85.400000 27.600000 0.026964
 85.450000 27.600000 0.028017
 85.500000 27.600000 0.018065
 85.550000 27.600000 0.012675
 85.600000 27.600000 0.013619
 85.650000 27.600000 0.012669
 85.700000 27.600000 0.010066
 85.750000 27.600000 0.005401
 85.800000 27.600000 0.006329
 85.850000 27.600000 0.015725
 85.900000 27.600000 0.027895
 85.950000 27.600000 0.035491
 86.000000 27.600000 0.028572
 86.050000 27.600000 0.017096
 86.100000 27.600000 0.008144
 86.150000 27.600000 0.005912
 86.200000 27.600000 0.006398
 86.250000 27.600000 0.006512
 86.300000 27.600000 0.006914
 86.350000 27.600000 0.010367
 86.400000 27.600000 0.011041
 86.450000 27.600000 0.012002
 86.500000 27.600000 0.013690
 84.000000 27.650000 0.014534
 84.050000 27.650000 0.014860
 84.100000 27.650000 0.006365
 84.150000 27.650000 0.001404
 84.200000 27.650000 0.000777
 84.250000 27.650000 0.002167
 84.300000 27.650000 0.004645
 84.350000 27.650000 0.006091
 84.400000 27.650000 0.004399
 84.450000 27.650000 0.002988
 84.500000 27.650000 0.003547
 84.550000 27.650000 0.007299
 84.600000 27.650000 0.011024
 84.650000 27.650000 0.010342
 84.700000 27.650000 0.007809
 84.750000 27.650000 0.007908
 84.800000 27.650000 0.010152
 84.850000 27.650000 0.008956
 84.900000 27.650000 0.003267
 84.950000 27.650000 0.000115
 85.000000 27.650000 0.003396
 85.050000 27.650000 0.010431
 85.100000 27.650000 0.016959
 85.150000 27.650000 0.020463
 85.200000 27.650000 0.016427
 85.250000 27.650000 0.006660
 85.300000 27.650000 0.003344
 85.350000 27.650000 0.013206
 85.400000 27.650000 0.027407
 85.450000 27.650000 0.031721
 85.500000 27.650000 0.024074
 85.550000 27.650000 0.017001
 85.600000 27.650000 0.015984
 85.650000 27.650000 0.013262
 85.700000 27.650000 0.010150
 85.750000 27.650000 0.008385
 85.800000 27.650000 0.006751
 85.850000 27.650000 0.007486
 85.900000 27.650000 0.014492
 85.950000 27.650000 0.025409
 86.000000 27.650000 0.032723
 86.050000 27.650000 0.028198
 86.100000 27.650000 0.020241
 86.150000 27.650000 0.011843
 86.200000 27.650000 0.005610
 86.250000 27.650000 0.002947
 86.300000 27.650000 0.006939
 86.350000 27.650000 0.010086
 86.400000 27.650000 0.008337
 86.450000 27.650000 0.007786
 86.500000 27.650000 0.012896
 84.000000 27.700000 0.013343
 84.050000 27.700000 0.016937
 84.100000 27.700000 0.009913
 84.150000 27.700000 0.002825
 84.200000 27.700000 0.001211
 84.250000 27.700000 0.001460
 84.300000 27.700000 0.003443
 84.350000 27.700000 0.005968
 84.400000 27.700000 0.005606
 84.450000 27.700000 0.003925
 84.500000 27.700000 0.002963
 84.550000 27.700000 0.003300
 84.600000 27.700000 0.006770
 84.650000 27.700000 0.009897
 84.700000 27.700000 0.009539
 84.750000 27.700000 0.006928
 84.800000 27.700000 0.008576
 84.850000 27.700000 0.012397
 84.900000 27.700000 0.010631
 84.950000 27.700000 0.003534
 85.000000 27.700000 0.001019
 85.050000 27.700000 0.003832
 85.100000 27.700000 0.009755
 85.150000 27.700000 0.017866
 85.200000 27.700000 0.022625
 85.250000 27.700000 0.014205
 85.300000 27.700000 0.004327
 85.350000 27.700000 0.006253
 85.400000 27.700000 0.020174
 85.450000 27.700000 0.030516
 85.500000 27.700000 0.031537
 85.550000 27.700000 0.028324
 85.600000 27.700000 0.023560
 85.650000 27.700000 0.016099
 85.700000 27.700000 0.008450
 85.750000 27.700000 0.005444
 85.800000 27.700000 0.008229
 85.850000 27.700000 0.010595
 85.900000 27.700000 0.010761
 85.950000 27.700000 0.016423
 86.000000 27.700000 0.025306
 86.050000 27.700000 0.029846
 86.100000 27.700000 0.028352
 86.150000 27.700000 0.020913
 86.200000 27.700000 0.010581
 86.250000 27.700000 0.005891
 86.300000 27.700000 0.009026
 86.350000 27.700000 0.009843
 86.400000 27.700000 0.006229
 86.450000 27.700000 0.005273
 86.500000 27.700000 0.010104
 84.000000 27.750000 0.013498
 84.050000 27.750000 0.016550
 84.100000 27.750000 0.015583
 84.150000 27.750000 0.007145
 84.200000 27.750000 0.002434
 84.250000 27.750000 0.001281
 84.300000 27.750000 0.002994
 84.350000 27.750000 0.004569
 84.400000 27.750000 0.005697
 84.450000 27.750000 0.005393
 84.500000 27.750000 0.003846
 84.550000 27.750000 0.002867
 84.600000 27.750000 0.002241
 84.650000 27.750000 0.006077
 84.700000 27.750000 0.008712
 84.750000 27.750000 0.008094
 84.800000 27.750000 0.006368
 84.850000 27.750000 0.009038
 84.900000 27.750000 0.012522
 84.950000 27.750000 0.010689
 85.000000 27.750000 0.005810
 85.050000 27.750000 0.002449
 85.100000 27.750000 0.003748
 85.150000 27.750000 0.011294
 85.200000 27.750000 0.021313
 85.250000 27.750000 0.021519
 85.300000 27.750000 0.012520
 85.350000 27.750000 0.004888
 85.400000 27.750000 0.010492
 85.450000 27.750000 0.022164
 85.500000 27.750000 0.030808
 85.550000 27.750000 0.038175
 85.600000 27.750000 0.035437
 85.650000 27.750000 0.024265
 85.700000 27.750000 0.011660
 85.750000 27.750000 0.003423
 85.800000 27.750000 0.004566
 85.850000 27.750000 0.009367
 85.900000 27.750000 0.011713
 85.950000 27.750000 0.014192
 86.000000 27.750000 0.020320
 86.050000 27.750000 0.027278
 86.100000 27.750000 0.030577
 86.150000 27.750000 0.026816
 86.200000 27.750000 0.016990
 86.250000 27.750000 0.010351
 86.300000 27.750000 0.012524
 86.350000 27.750000 0.013154
 86.400000 27.750000 0.008788
 86.450000 27.750000 0.006083
 86.500000 27.750000 0.007852
 84.000000 27.800000 0.011408
 84.050000 27.800000 0.015575
 84.100000 27.800000 0.018489
 84.150000 27.800000 0.015906
 84.200000 27.800000 0.007409
 84.250000 27.800000 0.002626
 84.300000 27.800000 0.002108
 84.350000 27.800000 0.003494
 84.400000 27.800000 0.004379
 84.450000 27.800000 0.005789
 84.500000 27.800000 0.005380
 84.550000 27.800000 0.004516
 84.600000 27.800000 0.002044
 84.650000 27.800000 0.001759
 84.700000 27.800000 0.005159
 84.750000 27.800000 0.007305
 84.800000 27.800000 0.006254
 84.850000 27.800000 0.005517
 84.900000 27.800000 0.007716
 84.950000 27.800000 0.010660
 85.000000 27.800000 0.010550
 85.050000 27.800000 0.006000
 85.100000 27.800000 0.003117
 85.150000 27.800000 0.005664
 85.200000 27.800000 0.013176
 85.250000 27.800000 0.024235
 85.300000 27.800000 0.022518
 85.350000 27.800000 0.012245
 85.400000 27.800000 0.005001
 85.450000 27.800000 0.010259
 85.500000 27.800000 0.023751
 85.550000 27.800000 0.038935
 85.600000 27.800000 0.041835
 85.650000 27.800000 0.034289
 85.700000 27.800000 0.022691
 85.750000 27.800000 0.009366
 85.800000 27.800000 0.003522
 85.850000 27.800000 0.003843
 85.900000 27.800000 0.006884
 85.950000 27.800000 0.010512
 86.000000 27.800000 0.014925
 86.050000 27.800000 0.022958
 86.100000 27.800000 0.030051
 86.150000 27.800000 0.031298
 86.200000 27.800000 0.024290
 86.250000 27.800000 0.016907
 86.300000 27.800000 0.012636
 86.350000 27.800000 0.012059
 86.400000 27.800000 0.011185
 86.450000 27.800000 0.011300
 86.500000 27.800000 0.009942
 84.000000 27.850000 0.010935
 84.050000 27.850000 0.009689
 84.100000 27.850000 0.018322
 84.150000 27.850000 0.023696
 84.200000 27.850000 0.017995
 84.250000 27.850000 0.009067
 84.300000 27.850000 0.003760
 84.350000 27.850000 0.002827
 84.400000 27.850000 0.003251
 84.450000 27.850000 0.004745
 84.500000 27.850000 0.005934
 84.550000 27.850000 0.005988
 84.600000 27.850000 0.005364
 84.650000 27.850000 0.001632
 84.700000 27.850000 0.001583
 84.750000 27.850000 0.004181
 84.800000 27.850000 0.005641
 84.850000 27.850000 0.005196
 84.900000 27.850000 0.004742
 84.950000 27.850000 0.006526
 85.000000 27.850000 0.008805
 85.050000 27.850000 0.007432
 85.100000 27.850000 0.005080
 85.150000 27.850000 0.004116
 85.200000 27.850000 0.006557
 85.250000 27.850000 0.016810
 85.300000 27.850000 0.027324
 85.350000 27.850000 0.023375
 85.400000 27.850000 0.009915
 85.450000 27.850000 0.002451
 85.500000 27.850000 0.013897
 85.550000 27.850000 0.033134
 85.600000 27.850000 0.041062
 85.650000 27.850000 0.038023
 85.700000 27.850000 0.034263
 85.750000 27.850000 0.022261
 85.800000 27.850000 0.009772
 85.850000 27.850000 0.003564
 85.900000 27.850000 0.002076
 85.950000 27.850000 0.004130
 86.000000 27.850000 0.008844
 86.050000 27.850000 0.015861
 86.100000 27.850000 0.024782
 86.150000 27.850000 0.030420
 86.200000 27.850000 0.033349
 86.250000 27.850000 0.028917
 86.300000 27.850000 0.017595
 86.350000 27.850000 0.008838
 86.400000 27.850000 0.008354
 86.450000 27.850000 0.012545
 86.500000 27.850000 0.013598
 84.000000 27.900000 0.012147
 84.050000 27.900000 0.004900
 84.100000 27.900000 0.010495
 84.150000 27.900000 0.023135
 84.200000 27.900000 0.027999
 84.250000 27.900000 0.020051
 84.300000 27.900000 0.010914
 84.350000 27.900000 0.004943
 84.400000 27.900000 0.003011
 84.450000 27.900000 0.003474
 84.500000 27.900000 0.004933
 84.550000 27.900000 0.006662
 84.600000 27.900000 0.007171
 84.650000 27.900000 0.005397
 84.700000 27.900000 0.001493
 84.750000 27.900000 0.001348
 84.800000 27.900000 0.003503
 84.850000 27.900000 0.004277
 84.900000 27.900000 0.003380
 84.950000 27.900000 0.004661
 85.000000 27.900000 0.005484
 85.050000 27.900000 0.005654
 85.100000 27.900000 0.005320
 85.150000 27.900000 0.004246
 85.200000 27.900000 0.003733
 85.250000 27.900000 0.008950
 85.300000 27.900000 0.022363
 85.350000 27.900000 0.030778
 85.400000 27.900000 0.022736
 85.450000 27.900000 0.005400
 85.500000 27.900000 0.005913
 85.550000 27.900000 0.020719
 85.600000 27.900000 0.030485
 85.650000 27.900000 0.036621
 85.700000 27.900000 0.038974
 85.750000 27.900000 0.034873
 85.800000 27.900000 0.022774
 85.850000 27.900000 0.009395
 85.900000 27.900000 0.002619
 85.950000 27.900000 0.001339
 86.000000 27.900000 0.002897
 86.050000 27.900000 0.006840
 86.100000 27.900000 0.014123
 86.150000 27.900000 0.022978
 86.200000 27.900000 0.031457
 86.250000 27.900000 0.036404
 86.300000 27.900000 0.030621
 86.350000 27.900000 0.013704
 86.400000 27.900000 0.005408
 86.450000 27.900000 0.006686
 86.500000 27.900000 0.011627
 84.000000 27.950000 0.017640
 84.050000 27.950000 0.006829
 84.100000 27.950000 0.001788
 84.150000 27.950000 0.012101
 84.200000 27.950000 0.026052
 84.250000 27.950000 0.030083
 84.300000 27.950000 0.021260
 84.350000 27.950000 0.011133
 84.400000 27.950000 0.004844
 84.450000 27.950000 0.003607
 84.500000 27.950000 0.004047
 84.550000 27.950000 0.004971
 84.600000 27.950000 0.007378
 84.650000 27.950000 0.008102
 84.700000 27.950000 0.005030
 84.750000 27.950000 0.001286
 84.800000 27.950000 0.001690
 84.850000 27.950000 0.003026
 84.900000 27.950000 0.002696
 84.950000 27.950000 0.003043
 85.000000 27.950000 0.004071
 85.050000 27.950000 0.004304
 85.100000 27.950000 0.004468
 85.150000 27.950000 0.003500
 85.200000 27.950000 0.002967
 85.250000 27.950000 0.004844
 85.300000 27.950000 0.012948
 85.350000 27.950000 0.027247
 85.400000 27.950000 0.031098
 85.450000 27.950000 0.019189
 85.500000 27.950000 0.008653
 85.550000 27.950000 0.009655
 85.600000 27.950000 0.017666
 85.650000 27.950000 0.027471
 85.700000 27.950000 0.036529
 85.750000 27.950000 0.041334
 85.800000 27.950000 0.035752
 85.850000 27.950000 0.020374
 85.900000 27.950000 0.007756
 85.950000 27.950000 0.001718
 86.000000 27.950000 0.001179
 86.050000 27.950000 0.002149
 86.100000 27.950000 0.004331
 86.150000 27.950000 0.011180
 86.200000 27.950000 0.021219
 86.250000 27.950000 0.032370
 86.300000 27.950000 0.037053
 86.350000 27.950000 0.029003
 86.400000 27.950000 0.013641
 86.450000 27.950000 0.005258
 86.500000 27.950000 0.004457
 84.000000 28.000000 0.021804
 84.050000 28.000000 0.016505
 84.100000 28.000000 0.004575
 84.150000 28.000000 0.001933
 84.200000 28.000000 0.014329
 84.250000 28.000000 0.028538
 84.300000 28.000000 0.029180
 84.350000 28.000000 0.018784
 84.400000 28.000000 0.010106
 84.450000 28.000000 0.006752
 84.500000 28.000000 0.005776
 84.550000 28.000000 0.004825
 84.600000 28.000000 0.005305
 84.650000 28.000000 0.007976
 84.700000 28.000000 0.008258
 84.750000 28.000000 0.004563
 84.800000 28.000000 0.002019
 84.850000 28.000000 0.002174
 84.900000 28.000000 0.002423
 84.950000 28.000000 0.002400
 85.000000 28.000000 0.002403
 85.050000 28.000000 0.003289
 85.100000 28.000000 0.003994
 85.150000 28.000000 0.002970
 85.200000 28.000000 0.002466
 85.250000 28.000000 0.003349
 85.300000 28.000000 0.006475
 85.350000 28.000000 0.017174
 85.400000 28.000000 0.030564
 85.450000 28.000000 0.031186
 85.500000 28.000000 0.020542
 85.550000 28.000000 0.007634
 85.600000 28.000000 0.006010
 85.650000 28.000000 0.017787
 85.700000 28.000000 0.028526
 85.750000 28.000000 0.037879
 85.800000 28.000000 0.042435
 85.850000 28.000000 0.031480
 85.900000 28.000000 0.016712
 85.950000 28.000000 0.005950
 86.000000 28.000000 0.001324
 86.050000 28.000000 0.001184
 86.100000 28.000000 0.001634
 86.150000 28.000000 0.002937
 86.200000 28.000000 0.008951
 86.250000 28.000000 0.019691
 86.300000 28.000000 0.030233
 86.350000 28.000000 0.035285
 86.400000 28.000000 0.027516
 86.450000 28.000000 0.013689
 86.500000 28.000000 0.004570
 84.000000 28.050000 0.017568
 84.050000 28.050000 0.023007
 84.100000 28.050000 0.015605
 84.150000 28.050000 0.004551
 84.200000 28.050000 0.004269
 84.250000 28.050000 0.018567
 84.300000 28.050000 0.029502
 84.350000 28.050000 0.024727
 84.400000 28.050000 0.015622
 84.450000 28.050000 0.010119
 84.500000 28.050000 0.007856
 84.550000 28.050000 0.007176
 84.600000 28.050000 0.005909
 84.650000 28.050000 0.006406
 84.700000 28.050000 0.008626
 84.750000 28.050000 0.007426
 84.800000 28.050000 0.004804
 84.850000 28.050000 0.002605
 84.900000 28.050000 0.003125
 84.950000 28.050000 0.003299
 85.000000 28.050000 0.002572
 85.050000 28.050000 0.002400
 85.100000 28.050000 0.002802
 85.150000 28.050000 0.002605
 85.200000 28.050000 0.002772
 85.250000 28.050000 0.003021
 85.300000 28.050000 0.002857
 85.350000 28.050000 0.007934
 85.400000 28.050000 0.020823
 85.450000 28.050000 0.032901
 85.500000 28.050000 0.031988
 85.550000 28.050000 0.015373
 85.600000 28.050000 0.003231
 85.650000 28.050000 0.006448
 85.700000 28.050000 0.017836
 85.750000 28.050000 0.029743
 85.800000 28.050000 0.038293
 85.850000 28.050000 0.039736
 85.900000 28.050000 0.027040
 85.950000 28.050000 0.012717
 86.000000 28.050000 0.004264
 86.050000 28.050000 0.001374
 86.100000 28.050000 0.001338
 86.150000 28.050000 0.001504
 86.200000 28.050000 0.002655
 86.250000 28.050000 0.008109
 86.300000 28.050000 0.017297
 86.350000 28.050000 0.026801
 86.400000 28.050000 0.033562
 86.450000 28.050000 0.025021
 86.500000 28.050000 0.011588
 84.000000 28.100000 0.010529
 84.050000 28.100000 0.018967
 84.100000 28.100000 0.025065
 84.150000 28.100000 0.015341
 84.200000 28.100000 0.005135
 84.250000 28.100000 0.007768
 84.300000 28.100000 0.020915
 84.350000 28.100000 0.025876
 84.400000 28.100000 0.022157
 84.450000 28.100000 0.013852
 84.500000 28.100000 0.009729
 84.550000 28.100000 0.008098
 84.600000 28.100000 0.008147
 84.650000 28.100000 0.006932
 84.700000 28.100000 0.008699
 84.750000 28.100000 0.009868
 84.800000 28.100000 0.006237
 84.850000 28.100000 0.004100
 84.900000 28.100000 0.003215
 84.950000 28.100000 0.004581
 85.000000 28.100000 0.004608
 85.050000 28.100000 0.004334
 85.100000 28.100000 0.003014
 85.150000 28.100000 0.002214
 85.200000 28.100000 0.002984
 85.250000 28.100000 0.002476
 85.300000 28.100000 0.001715
 85.350000 28.100000 0.002763
 85.400000 28.100000 0.011092
 85.450000 28.100000 0.026159
 85.500000 28.100000 0.034943
 85.550000 28.100000 0.025785
 85.600000 28.100000 0.010822
 85.650000 28.100000 0.003173
 85.700000 28.100000 0.006931
 85.750000 28.100000 0.019227
 85.800000 28.100000 0.031348
 85.850000 28.100000 0.040566
 85.900000 28.100000 0.036194
 85.950000 28.100000 0.021603
 86.000000 28.100000 0.009105
 86.050000 28.100000 0.003081
 86.100000 28.100000 0.001354
 86.150000 28.100000 0.001726
 86.200000 28.100000 0.001818
 86.250000 28.100000 0.003124
 86.300000 28.100000 0.006636
 86.350000 28.100000 0.014446
 86.400000 28.100000 0.025956
 86.450000 28.100000 0.032198
 86.500000 28.100000 0.022674
 84.000000 28.150000 0.005962
 84.050000 28.150000 0.012701
 84.100000 28.150000 0.022354
 84.150000 28.150000 0.024204
 84.200000 28.150000 0.013138
 84.250000 28.150000 0.005633
 84.300000 28.150000 0.010442
 84.350000 28.150000 0.021839
 84.400000 28.150000 0.025659
 84.450000 28.150000 0.018627
 84.500000 28.150000 0.009935
 84.550000 28.150000 0.008291
 84.600000 28.150000 0.009468
 84.650000 28.150000 0.010283
 84.700000 28.150000 0.009767
 84.750000 28.150000 0.011792
 84.800000 28.150000 0.010028
 84.850000 28.150000 0.005021
 84.900000 28.150000 0.003063
 84.950000 28.150000 0.003792
 85.000000 28.150000 0.005962
 85.050000 28.150000 0.007260
 85.100000 28.150000 0.005929
 85.150000 28.150000 0.004733
 85.200000 28.150000 0.003788
 85.250000 28.150000 0.001817
 85.300000 28.150000 0.001068
 85.350000 28.150000 0.001150
 85.400000 28.150000 0.003819
 85.450000 28.150000 0.014378
 85.500000 28.150000 0.028618
 85.550000 28.150000 0.032108
 85.600000 28.150000 0.020298
 85.650000 28.150000 0.008403
 85.700000 28.150000 0.002051
 85.750000 28.150000 0.007857
 85.800000 28.150000 0.020013
 85.850000 28.150000 0.033511
 85.900000 28.150000 0.039647
 85.950000 28.150000 0.031821
 86.000000 28.150000 0.016861
 86.050000 28.150000 0.006437
 86.100000 28.150000 0.001843
 86.150000 28.150000 0.001226
 86.200000 28.150000 0.002181
 86.250000 28.150000 0.002719
 86.300000 28.150000 0.003071
 86.350000 28.150000 0.005855
 86.400000 28.150000 0.013838
 86.450000 28.150000 0.026172
 86.500000 28.150000 0.031228
 84.000000 28.200000 0.004384
 84.050000 28.200000 0.009183
 84.100000 28.200000 0.016276
 84.150000 28.200000 0.024069
 84.200000 28.200000 0.021283
 84.250000 28.200000 0.009214
 84.300000 28.200000 0.004187
 84.350000 28.200000 0.012192
 84.400000 28.200000 0.025548
 84.450000 28.200000 0.024154
 84.500000 28.200000 0.013144
 84.550000 28.200000 0.007061
 84.600000 28.200000 0.006858
 84.650000 28.200000 0.009860
 84.700000 28.200000 0.012509
 84.750000 28.200000 0.014583
 84.800000 28.200000 0.016144
 84.850000 28.200000 0.010719
 84.900000 28.200000 0.004628
 84.950000 28.200000 0.002050
 85.000000 28.200000 0.003484
 85.050000 28.200000 0.006362
 85.100000 28.200000 0.008625
 85.150000 28.200000 0.009804
 85.200000 28.200000 0.007303
 85.250000 28.200000 0.003343
 85.300000 28.200000 0.002031
 85.350000 28.200000 0.000772
 85.400000 28.200000 0.000841
 85.450000 28.200000 0.005897
 85.500000 28.200000 0.016720
 85.550000 28.200000 0.026852
 85.600000 28.200000 0.027254
 85.650000 28.200000 0.015667
 85.700000 28.200000 0.005985
 85.750000 28.200000 0.002343
 85.800000 28.200000 0.009043
 85.850000 28.200000 0.021928
 85.900000 28.200000 0.034443
 85.950000 28.200000 0.037395
 86.000000 28.200000 0.029943
 86.050000 28.200000 0.013622
 86.100000 28.200000 0.004326
 86.150000 28.200000 0.001221
 86.200000 28.200000 0.001525
 86.250000 28.200000 0.002770
 86.300000 28.200000 0.002306
 86.350000 28.200000 0.002647
 86.400000 28.200000 0.006082
 86.450000 28.200000 0.013841
 86.500000 28.200000 0.026485
 84.000000 28.250000 0.002724
 84.050000 28.250000 0.007624
 84.100000 28.250000 0.013966
 84.150000 28.250000 0.020367
 84.200000 28.250000 0.022470
 84.250000 28.250000 0.015470
 84.300000 28.250000 0.004006
 84.350000 28.250000 0.005204
 84.400000 28.250000 0.017918
 84.450000 28.250000 0.028000
 84.500000 28.250000 0.021013
 84.550000 28.250000 0.009284
 84.600000 28.250000 0.004507
 84.650000 28.250000 0.005105
 84.700000 28.250000 0.010094
 84.750000 28.250000 0.014233
 84.800000 28.250000 0.019350
 84.850000 28.250000 0.019651
 84.900000 28.250000 0.013218
 84.950000 28.250000 0.005042
 85.000000 28.250000 0.001431
 85.050000 28.250000 0.001992
 85.100000 28.250000 0.005506
 85.150000 28.250000 0.010542
 85.200000 28.250000 0.010352
 85.250000 28.250000 0.007605
 85.300000 28.250000 0.005844
 85.350000 28.250000 0.002594
 85.400000 28.250000 0.000400
 85.450000 28.250000 0.001258
 85.500000 28.250000 0.008815
 85.550000 28.250000 0.018756
 85.600000 28.250000 0.025652
 85.650000 28.250000 0.021375
 85.700000 28.250000 0.014205
 85.750000 28.250000 0.005083
 85.800000 28.250000 0.002627
 85.850000 28.250000 0.009408
 85.900000 28.250000 0.023304
 85.950000 28.250000 0.035642
 86.000000 28.250000 0.036147
 86.050000 28.250000 0.025661
 86.100000 28.250000 0.010568
 86.150000 28.250000 0.002658
 86.200000 28.250000 0.001090
 86.250000 28.250000 0.002425
 86.300000 28.250000 0.001973
 86.350000 28.250000 0.001656
 86.400000 28.250000 0.002823
 86.450000 28.250000 0.005843
 86.500000 28.250000 0.015317
 84.000000 28.300000 0.000959
 84.050000 28.300000 0.005766
 84.100000 28.300000 0.010650
 84.150000 28.300000 0.016835
 84.200000 28.300000 0.021589
 84.250000 28.300000 0.020809
 84.300000 28.300000 0.010608
 84.350000 28.300000 0.002035
 84.400000 28.300000 0.007674
 84.450000 28.300000 0.021475
 84.500000 28.300000 0.029168
 84.550000 28.300000 0.018935
 84.600000 28.300000 0.006976
 84.650000 28.300000 0.003168
 84.700000 28.300000 0.004960
 84.750000 28.300000 0.010567
 84.800000 28.300000 0.014853
 84.850000 28.300000 0.021768
 84.900000 28.300000 0.022251
 84.950000 28.300000 0.014537
 85.000000 28.300000 0.004846
 85.050000 28.300000 0.001244
 85.100000 28.300000 0.002613
 85.150000 28.300000 0.005281
 85.200000 28.300000 0.006940
 85.250000 28.300000 0.009421
 85.300000 28.300000 0.009912
 85.350000 28.300000 0.006107
 85.400000 28.300000 0.003212
 85.450000 28.300000 0.001001
 85.500000 28.300000 0.003461
 85.550000 28.300000 0.012412
 85.600000 28.300000 0.020964
 85.650000 28.300000 0.022952
 85.700000 28.300000 0.018040
 85.750000 28.300000 0.012912
 85.800000 28.300000 0.004259
 85.850000 28.300000 0.002268
 85.900000 28.300000 0.009341
 85.950000 28.300000 0.025901
 86.000000 28.300000 0.036167
 86.050000 28.300000 0.034299
 86.100000 28.300000 0.022848
 86.150000 28.300000 0.008009
 86.200000 28.300000 0.002275
 86.250000 28.300000 0.001314
 86.300000 28.300000 0.001301
 86.350000 28.300000 0.001403
 86.400000 28.300000 0.001661
 86.450000 28.300000 0.002591
 86.500000 28.300000 0.006703
 84.000000 28.350000 0.003017
 84.050000 28.350000 0.003671
 84.100000 28.350000 0.007467
 84.150000 28.350000 0.012400
 84.200000 28.350000 0.018221
 84.250000 28.350000 0.023156
 84.300000 28.350000 0.019356
 84.350000 28.350000 0.008017
 84.400000 28.350000 0.002026
 84.450000 28.350000 0.010316
 84.500000 28.350000 0.024165
 84.550000 28.350000 0.028996
 84.600000 28.350000 0.017876
 84.650000 28.350000 0.007536
 84.700000 28.350000 0.003605
 84.750000 28.350000 0.004676
 84.800000 28.350000 0.008292
 84.850000 28.350000 0.015578
 84.900000 28.350000 0.023912
 84.950000 28.350000 0.022321
 85.000000 28.350000 0.012585
 85.050000 28.350000 0.005728
 85.100000 28.350000 0.004154
 85.150000 28.350000 0.002946
 85.200000 28.350000 0.002348
 85.250000 28.350000 0.005325
 85.300000 28.350000 0.008091
 85.350000 28.350000 0.008157
 85.400000 28.350000 0.007981
 85.450000 28.350000 0.004164
 85.500000 28.350000 0.003020
 85.550000 28.350000 0.006722
 85.600000 28.350000 0.014180
 85.650000 28.350000 0.021317
 85.700000 28.350000 0.019850
 85.750000 28.350000 0.016294
 85.800000 28.350000 0.011710
 85.850000 28.350000 0.003084
 85.900000 28.350000 0.001493
 85.950000 28.350000 0.012704
 86.000000 28.350000 0.027675
 86.050000 28.350000 0.035253
 86.100000 28.350000 0.033478
 86.150000 28.350000 0.017948
 86.200000 28.350000 0.007260
 86.250000 28.350000 0.001575
 86.300000 28.350000 0.000543
 86.350000 28.350000 0.001086
 86.400000 28.350000 0.001160
 86.450000 28.350000 0.002049
 86.500000 28.350000 0.002810
 84.000000 28.400000 0.008095
 84.050000 28.400000 0.004558
 84.100000 28.400000 0.004729
 84.150000 28.400000 0.008483
 84.200000 28.400000 0.013560
 84.250000 28.400000 0.019652
 84.300000 28.400000 0.023338
 84.350000 28.400000 0.017968
 84.400000 28.400000 0.006921
 84.450000 28.400000 0.002179
 84.500000 28.400000 0.011618
 84.550000 28.400000 0.025907
 84.600000 28.400000 0.027958
 84.650000 28.400000 0.017836
 84.700000 28.400000 0.009565
 84.750000 28.400000 0.003691
 84.800000 28.400000 0.003195
 84.850000 28.400000 0.009615
 84.900000 28.400000 0.018103
 84.950000 28.400000 0.021151
 85.000000 28.400000 0.018850
 85.050000 28.400000 0.013239
 85.100000 28.400000 0.007585
 85.150000 28.400000 0.004025
 85.200000 28.400000 0.002836
 85.250000 28.400000 0.003550
 85.300000 28.400000 0.002732
 85.350000 28.400000 0.004500
 85.400000 28.400000 0.007784
 85.450000 28.400000 0.008241
 85.500000 28.400000 0.006230
 85.550000 28.400000 0.004559
 85.600000 28.400000 0.008927
 85.650000 28.400000 0.016603
 85.700000 28.400000 0.019900
 85.750000 28.400000 0.018469
 85.800000 28.400000 0.017454
 85.850000 28.400000 0.010216
 85.900000 28.400000 0.001754
 85.950000 28.400000 0.002522
 86.000000 28.400000 0.015525
 86.050000 28.400000 0.029699
 86.100000 28.400000 0.036227
 86.150000 28.400000 0.030697
 86.200000 28.400000 0.016233
 86.250000 28.400000 0.005605
 86.300000 28.400000 0.001094
 86.350000 28.400000 0.000925
 86.400000 28.400000 0.001705
 86.450000 28.400000 0.001568
 86.500000 28.400000 0.001343
 84.000000 28.450000 0.014470
 84.050000 28.450000 0.007382
 84.100000 28.450000 0.003306
 84.150000 28.450000 0.005654
 84.200000 28.450000 0.010807
 84.250000 28.450000 0.017677
 84.300000 28.450000 0.021767
 84.350000 28.450000 0.023210
 84.400000 28.450000 0.016404
 84.450000 28.450000 0.004929
 84.500000 28.450000 0.002515
 84.550000 28.450000 0.013548
 84.600000 28.450000 0.026910
 84.650000 28.450000 0.028463
 84.700000 28.450000 0.019066
 84.750000 28.450000 0.007994
 84.800000 28.450000 0.003861
 84.850000 28.450000 0.006505
 84.900000 28.450000 0.010745
 84.950000 28.450000 0.014494
 85.000000 28.450000 0.019155
 85.050000 28.450000 0.017228
 85.100000 28.450000 0.010606
 85.150000 28.450000 0.005530
 85.200000 28.450000 0.005400
 85.250000 28.450000 0.005220
 85.300000 28.450000 0.002253
 85.350000 28.450000 0.001434
 85.400000 28.450000 0.003005
 85.450000 28.450000 0.005617
 85.500000 28.450000 0.009135
 85.550000 28.450000 0.006618
 85.600000 28.450000 0.006430
 85.650000 28.450000 0.011749
 85.700000 28.450000 0.017605
 85.750000 28.450000 0.019067
 85.800000 28.450000 0.018284
 85.850000 28.450000 0.015228
 85.900000 28.450000 0.008920
 85.950000 28.450000 0.001934
 86.000000 28.450000 0.004919
 86.050000 28.450000 0.018566
 86.100000 28.450000 0.031240
 86.150000 28.450000 0.037026
 86.200000 28.450000 0.026823
 86.250000 28.450000 0.013705
 86.300000 28.450000 0.005040
 86.350000 28.450000 0.002119
 86.400000 28.450000 0.002484
 86.450000 28.450000 0.001457
 86.500000 28.450000 0.000683
 84.000000 28.500000 0.022236
 84.050000 28.500000 0.012266
 84.100000 28.500000 0.005559
 84.150000 28.500000 0.003277
 84.200000 28.500000 0.008393
 84.250000 28.500000 0.014909
 84.300000 28.500000 0.019625
 84.350000 28.500000 0.022896
 84.400000 28.500000 0.023568
 84.450000 28.500000 0.012645
 84.500000 28.500000 0.002328
 84.550000 28.500000 0.004292
 84.600000 28.500000 0.017560
 84.650000 28.500000 0.029558
 84.700000 28.500000 0.028180
 84.750000 28.500000 0.016305
 84.800000 28.500000 0.008673
 84.850000 28.500000 0.008348
 84.900000 28.500000 0.006766
 84.950000 28.500000 0.008364
 85.000000 28.500000 0.014245
 85.050000 28.500000 0.017244
 85.100000 28.500000 0.011927
 85.150000 28.500000 0.007702
 85.200000 28.500000 0.006172
 85.250000 28.500000 0.006034
 85.300000 28.500000 0.004658
 85.350000 28.500000 0.003375
 85.400000 28.500000 0.000957
 85.450000 28.500000 0.000925
 85.500000 28.500000 0.005007
 85.550000 28.500000 0.007230
 85.600000 28.500000 0.005757
 85.650000 28.500000 0.008135
 85.700000 28.500000 0.014728
 85.750000 28.500000 0.019536
 85.800000 28.500000 0.017726
 85.850000 28.500000 0.015628
 85.900000 28.500000 0.013430
 85.950000 28.500000 0.008200
 86.000000 28.500000 0.001994
 86.050000 28.500000 0.006417
 86.100000 28.500000 0.021058
 86.150000 28.500000 0.033500
 86.200000 28.500000 0.035649
 86.250000 28.500000 0.023151
 86.300000 28.500000 0.012610
 86.350000 28.500000 0.006030
 86.400000 28.500000 0.003980
 86.450000 28.500000 0.002508
 86.500000 28.500000 0.002083
 84.000000 28.550000 0.026606
 84.050000 28.550000 0.019939
 84.100000 28.550000 0.009764
 84.150000 28.550000 0.003292
 84.200000 28.550000 0.004759
 84.250000 28.550000 0.011404
 84.300000 28.550000 0.018084
 84.350000 28.550000 0.023922
 84.400000 28.550000 0.025823
 84.450000 28.550000 0.021612
 84.500000 28.550000 0.007790
 84.550000 28.550000 0.001272
 84.600000 28.550000 0.008562
 84.650000 28.550000 0.021931
 84.700000 28.550000 0.028698
 84.750000 28.550000 0.025958
 84.800000 28.550000 0.017554
 84.850000 28.550000 0.011161
 84.900000 28.550000 0.006391
 84.950000 28.550000 0.005317
 85.000000 28.550000 0.011540
 85.050000 28.550000 0.013105
 85.100000 28.550000 0.011393
 85.150000 28.550000 0.008258
 85.200000 28.550000 0.006033
 85.250000 28.550000 0.005258
 85.300000 28.550000 0.005768
 85.350000 28.550000 0.006082
 85.400000 28.550000 0.003011
 85.450000 28.550000 0.000803
 85.500000 28.550000 0.001862
 85.550000 28.550000 0.003715
 85.600000 28.550000 0.004539
 85.650000 28.550000 0.004758
 85.700000 28.550000 0.009736
 85.750000 28.550000 0.017515
 85.800000 28.550000 0.018656
 85.850000 28.550000 0.016059
 85.900000 28.550000 0.014703
 85.950000 28.550000 0.012451
 86.000000 28.550000 0.007190
 86.050000 28.550000 0.001894
 86.100000 28.550000 0.008149
 86.150000 28.550000 0.021529
 86.200000 28.550000 0.034242
 86.250000 28.550000 0.031864
 86.300000 28.550000 0.021475
 86.350000 28.550000 0.013046
 86.400000 28.550000 0.006243
 86.450000 28.550000 0.004281
 86.500000 28.550000 0.005088
 84.000000 28.600000 0.029982
 84.050000 28.600000 0.026901
 84.100000 28.600000 0.019148
 84.150000 28.600000 0.007053
 84.200000 28.600000 0.002927
 84.250000 28.600000 0.005678
 84.300000 28.600000 0.012992
 84.350000 28.600000 0.022333
 84.400000 28.600000 0.027922
 84.450000 28.600000 0.026867
 84.500000 28.600000 0.017594
 84.550000 28.600000 0.006529
 84.600000 28.600000 0.003642
 84.650000 28.600000 0.010992
 84.700000 28.600000 0.020957
 84.750000 28.600000 0.029501
 84.800000 28.600000 0.028788
 84.850000 28.600000 0.018236
 84.900000 28.600000 0.007515
 84.950000 28.600000 0.004698
 85.000000 28.600000 0.008623
 85.050000 28.600000 0.011134
 85.100000 28.600000 0.011737
 85.150000 28.600000 0.008099
 85.200000 28.600000 0.005357
 85.250000 28.600000 0.004261
 85.300000 28.600000 0.004998
 85.350000 28.600000 0.006226
 85.400000 28.600000 0.005192
 85.450000 28.600000 0.003012
 85.500000 28.600000 0.002301
 85.550000 28.600000 0.002095
 85.600000 28.600000 0.001680
 85.650000 28.600000 0.002049
 85.700000 28.600000 0.004649
 85.750000 28.600000 0.011314
 85.800000 28.600000 0.017128
 85.850000 28.600000 0.018809
 85.900000 28.600000 0.016666
 85.950000 28.600000 0.014244
 86.000000 28.600000 0.013243
 86.050000 28.600000 0.006665
 86.100000 28.600000 0.001950
 86.150000 28.600000 0.008090
 86.200000 28.600000 0.023181
 86.250000 28.600000 0.033591
 86.300000 28.600000 0.029393
 86.350000 28.600000 0.019567
 86.400000 28.600000 0.009471
 86.450000 28.600000 0.006612
 86.500000 28.600000 0.007603
 84.000000 28.650000 0.025188
 84.050000 28.650000 0.033720
 84.100000 28.650000 0.029286
 84.150000 28.650000 0.016703
 84.200000 28.650000 0.004932
 84.250000 28.650000 0.001581
 84.300000 28.650000 0.006070
 84.350000 28.650000 0.015924
 84.400000 28.650000 0.026500
 84.450000 28.650000 0.028721
 84.500000 28.650000 0.025602
 84.550000 28.650000 0.017342
 84.600000 28.650000 0.007766
 84.650000 28.650000 0.003400
 84.700000 28.650000 0.010218
 84.750000 28.650000 0.023952
 84.800000 28.650000 0.034522
 84.850000 28.650000 0.029493
 84.900000 28.650000 0.014876
 84.950000 28.650000 0.007495
 85.000000 28.650000 0.005499
 85.050000 28.650000 0.007477
 85.100000 28.650000 0.011668
 85.150000 28.650000 0.010908
 85.200000 28.650000 0.006511
 85.250000 28.650000 0.003966
 85.300000 28.650000 0.003996
 85.350000 28.650000 0.004851
 85.400000 28.650000 0.005301
 85.450000 28.650000 0.004441
 85.500000 28.650000 0.004031
 85.550000 28.650000 0.002276
 85.600000 28.650000 0.001000
 85.650000 28.650000 0.001229
 85.700000 28.650000 0.001922
 85.750000 28.650000 0.004615
 85.800000 28.650000 0.010700
 85.850000 28.650000 0.015997
 85.900000 28.650000 0.018547
 85.950000 28.650000 0.016251
 86.000000 28.650000 0.016103
 86.050000 28.650000 0.014596
 86.100000 28.650000 0.006030
 86.150000 28.650000 0.001929
 86.200000 28.650000 0.008242
 86.250000 28.650000 0.022739
 86.300000 28.650000 0.031728
 86.350000 28.650000 0.026237
 86.400000 28.650000 0.016573
 86.450000 28.650000 0.009765
 86.500000 28.650000 0.008622
 84.000000 28.700000 0.014711
 84.050000 28.700000 0.031512
 84.100000 28.700000 0.036479
 84.150000 28.700000 0.028651
 84.200000 28.700000 0.015403
 84.250000 28.700000 0.003096
 84.300000 28.700000 0.001124
 84.350000 28.700000 0.008711
 84.400000 28.700000 0.018769
 84.450000 28.700000 0.025953
 84.500000 28.700000 0.028839
 84.550000 28.700000 0.026078
 84.600000 28.700000 0.015782
 84.650000 28.700000 0.004888
 84.700000 28.700000 0.003721
 84.750000 28.700000 0.013519
 84.800000 28.700000 0.028311
 84.850000 28.700000 0.035284
 84.900000 28.700000 0.028264
 84.950000 28.700000 0.015576
 85.000000 28.700000 0.007355
 85.050000 28.700000 0.003627
 85.100000 28.700000 0.007730
 85.150000 28.700000 0.012227
 85.200000 28.700000 0.009851
 85.250000 28.700000 0.005602
 85.300000 28.700000 0.004216
 85.350000 28.700000 0.004553
 85.400000 28.700000 0.004387
 85.450000 28.700000 0.004796
 85.500000 28.700000 0.005123
 85.550000 28.700000 0.002778
 85.600000 28.700000 0.000936
 85.650000 28.700000 0.001902
 85.700000 28.700000 0.002259
 85.750000 28.700000 0.002359
 85.800000 28.700000 0.005196
 85.850000 28.700000 0.009780
 85.900000 28.700000 0.014598
 85.950000 28.700000 0.018030
 86.000000 28.700000 0.016882
 86.050000 28.700000 0.016930
 86.100000 28.700000 0.013683
 86.150000 28.700000 0.005969
 86.200000 28.700000 0.003105
 86.250000 28.700000 0.009852
 86.300000 28.700000 0.022244
 86.350000 28.700000 0.027602
 86.400000 28.700000 0.024453
 86.450000 28.700000 0.017587
 86.500000 28.700000 0.010974
 84.000000 28.750000 0.006683
 84.050000 28.750000 0.020012
 84.100000 28.750000 0.036429
 84.150000 28.750000 0.038294
 84.200000 28.750000 0.027770
 84.250000 28.750000 0.011351
 84.300000 28.750000 0.002320
 84.350000 28.750000 0.003807
 84.400000 28.750000 0.011188
 84.450000 28.750000 0.019381
 84.500000 28.750000 0.029106
 84.550000 28.750000 0.030419
 84.600000 28.750000 0.022419
 84.650000 28.750000 0.011104
 84.700000 28.750000 0.004673
 84.750000 28.750000 0.006810
 84.800000 28.750000 0.016708
 84.850000 28.750000 0.029225
 84.900000 28.750000 0.034677
 84.950000 28.750000 0.029540
 85.000000 28.750000 0.016480
 85.050000 28.750000 0.005171
 85.100000 28.750000 0.003145
 85.150000 28.750000 0.008146
 85.200000 28.750000 0.011602
 85.250000 28.750000 0.009215
 85.300000 28.750000 0.005768
 85.350000 28.750000 0.005128
 85.400000 28.750000 0.004788
 85.450000 28.750000 0.005200
 85.500000 28.750000 0.005433
 85.550000 28.750000 0.002499
 85.600000 28.750000 0.001081
 85.650000 28.750000 0.002167
 85.700000 28.750000 0.003330
 85.750000 28.750000 0.003279
 85.800000 28.750000 0.003597
 85.850000 28.750000 0.005528
 85.900000 28.750000 0.008923
 85.950000 28.750000 0.015322
 86.000000 28.750000 0.018483
 86.050000 28.750000 0.015459
 86.100000 28.750000 0.015301
 86.150000 28.750000 0.012717
 86.200000 28.750000 0.006813
 86.250000 28.750000 0.004426
 86.300000 28.750000 0.010993
 86.350000 28.750000 0.020938
 86.400000 28.750000 0.025089
 86.450000 28.750000 0.023924
 86.500000 28.750000 0.016720
 84.000000 28.800000 0.005598
 84.050000 28.800000 0.008697
 84.100000 28.800000 0.025968
 84.150000 28.800000 0.043311
 84.200000 28.800000 0.039081
 84.250000 28.800000 0.026010
 84.300000 28.800000 0.009155
 84.350000 28.800000 0.003546
 84.400000 28.800000 0.005790
 84.450000 28.800000 0.011376
 84.500000 28.800000 0.025793
 84.550000 28.800000 0.033046
 84.600000 28.800000 0.027657
 84.650000 28.800000 0.017423
 84.700000 28.800000 0.009155
 84.750000 28.800000 0.005564
 84.800000 28.800000 0.009087
 84.850000 28.800000 0.017846
 84.900000 28.800000 0.028258
 84.950000 28.800000 0.035788
 85.000000 28.800000 0.029492
 85.050000 28.800000 0.014218
 85.100000 28.800000 0.004386
 85.150000 28.800000 0.003067
 85.200000 28.800000 0.009184
 85.250000 28.800000 0.011365
 85.300000 28.800000 0.008183
 85.350000 28.800000 0.005506
 85.400000 28.800000 0.005108
 85.450000 28.800000 0.006736
 85.500000 28.800000 0.007449
 85.550000 28.800000 0.003086
 85.600000 28.800000 0.001123
 85.650000 28.800000 0.001763
 85.700000 28.800000 0.003467
 85.750000 28.800000 0.004578
 85.800000 28.800000 0.004918
 85.850000 28.800000 0.004125
 85.900000 28.800000 0.005233
 85.950000 28.800000 0.011369
 86.000000 28.800000 0.017357
 86.050000 28.800000 0.015398
 86.100000 28.800000 0.011981
 86.150000 28.800000 0.013026
 86.200000 28.800000 0.010152
 86.250000 28.800000 0.006950
 86.300000 28.800000 0.005804
 86.350000 28.800000 0.012730
 86.400000 28.800000 0.019949
 86.450000 28.800000 0.023305
 86.500000 28.800000 0.019829
 84.000000 28.850000 0.007033
 84.050000 28.850000 0.004027
 84.100000 28.850000 0.011085
 84.150000 28.850000 0.033867
 84.200000 28.850000 0.046711
 84.250000 28.850000 0.037871
 84.300000 28.850000 0.020748
 84.350000 28.850000 0.008449
 84.400000 28.850000 0.003853
 84.450000 28.850000 0.006740
 84.500000 28.850000 0.017465
 84.550000 28.850000 0.030151
 84.600000 28.850000 0.034086
 84.650000 28.850000 0.024772
 84.700000 28.850000 0.015242
 84.750000 28.850000 0.007699
 84.800000 28.850000 0.006477
 84.850000 28.850000 0.009099
 84.900000 28.850000 0.019436
 84.950000 28.850000 0.031617
 85.000000 28.850000 0.034784
 85.050000 28.850000 0.025980
 85.100000 28.850000 0.012757
 85.150000 28.850000 0.004225
 85.200000 28.850000 0.004274
 85.250000 28.850000 0.009869
 85.300000 28.850000 0.011277
 85.350000 28.850000 0.007373
 85.400000 28.850000 0.005577
 85.450000 28.850000 0.007802
 85.500000 28.850000 0.007977
 85.550000 28.850000 0.004709
 85.600000 28.850000 0.003233
 85.650000 28.850000 0.002256
 85.700000 28.850000 0.002780
 85.750000 28.850000 0.004289
 85.800000 28.850000 0.005446
 85.850000 28.850000 0.004130
 85.900000 28.850000 0.004844
 85.950000 28.850000 0.007313
 86.000000 28.850000 0.013108
 86.050000 28.850000 0.015850
 86.100000 28.850000 0.012732
 86.150000 28.850000 0.010246
 86.200000 28.850000 0.008817
 86.250000 28.850000 0.007549
 86.300000 28.850000 0.006325
 86.350000 28.850000 0.007509
 86.400000 28.850000 0.013588
 86.450000 28.850000 0.019112
 86.500000 28.850000 0.016334
 84.000000 28.900000 0.009703
 84.050000 28.900000 0.005028
 84.100000 28.900000 0.002697
 84.150000 28.900000 0.014937
 84.200000 28.900000 0.040320
 84.250000 28.900000 0.048755
 84.300000 28.900000 0.032678
 84.350000 28.900000 0.017149
 84.400000 28.900000 0.005546
 84.450000 28.900000 0.003272
 84.500000 28.900000 0.010246
 84.550000 28.900000 0.021547
 84.600000 28.900000 0.033336
 84.650000 28.900000 0.035278
 84.700000 28.900000 0.024146
 84.750000 28.900000 0.012528
 84.800000 28.900000 0.006485
 84.850000 28.900000 0.005536
 84.900000 28.900000 0.010230
 84.950000 28.900000 0.024571
 85.000000 28.900000 0.031235
 85.050000 28.900000 0.031714
 85.100000 28.900000 0.022363
 85.150000 28.900000 0.009610
 85.200000 28.900000 0.003782
 85.250000 28.900000 0.005067
 85.300000 28.900000 0.010288
 85.350000 28.900000 0.010039
 85.400000 28.900000 0.007356
 85.450000 28.900000 0.007933
 85.500000 28.900000 0.007946
 85.550000 28.900000 0.005968
 85.600000 28.900000 0.005206
 85.650000 28.900000 0.005023
 85.700000 28.900000 0.003899
 85.750000 28.900000 0.003689
 85.800000 28.900000 0.003497
 85.850000 28.900000 0.005007
 85.900000 28.900000 0.006288
 85.950000 28.900000 0.007223
 86.000000 28.900000 0.007908
 86.050000 28.900000 0.011659
 86.100000 28.900000 0.014820
 86.150000 28.900000 0.011666
 86.200000 28.900000 0.007985
 86.250000 28.900000 0.005951
 86.300000 28.900000 0.005629
 86.350000 28.900000 0.004924
 86.400000 28.900000 0.006980
 86.450000 28.900000 0.011642
 86.500000 28.900000 0.013752
 84.000000 28.950000 0.013577
 84.050000 28.950000 0.009896
 84.100000 28.950000 0.003429
 84.150000 28.950000 0.002402
 84.200000 28.950000 0.020062
 84.250000 28.950000 0.044859
 84.300000 28.950000 0.046540
 84.350000 28.950000 0.029834
 84.400000 28.950000 0.011223
 84.450000 28.950000 0.003283
 84.500000 28.950000 0.004404
 84.550000 28.950000 0.010302
 84.600000 28.950000 0.023639
 84.650000 28.950000 0.038408
 84.700000 28.950000 0.035006
 84.750000 28.950000 0.022621
 84.800000 28.950000 0.010294
 84.850000 28.950000 0.004518
 84.900000 28.950000 0.005879
 84.950000 28.950000 0.014075
 85.000000 28.950000 0.023888
 85.050000 28.950000 0.031004
 85.100000 28.950000 0.029239
 85.150000 28.950000 0.017639
 85.200000 28.950000 0.007878
 85.250000 28.950000 0.003221
 85.300000 28.950000 0.005342
 85.350000 28.950000 0.009830
 85.400000 28.950000 0.011089
 85.450000 28.950000 0.010229
 85.500000 28.950000 0.007643
 85.550000 28.950000 0.006565
 85.600000 28.950000 0.006803
 85.650000 28.950000 0.007254
 85.700000 28.950000 0.006891
 85.750000 28.950000 0.004019
 85.800000 28.950000 0.001779
 85.850000 28.950000 0.003574
 85.900000 28.950000 0.006919
 85.950000 28.950000 0.008060
 86.000000 28.950000 0.006395
 86.050000 28.950000 0.006782
 86.100000 28.950000 0.012237
 86.150000 28.950000 0.013550
 86.200000 28.950000 0.010291
 86.250000 28.950000 0.008112
 86.300000 28.950000 0.005746
 86.350000 28.950000 0.003151
 86.400000 28.950000 0.002567
 86.450000 28.950000 0.004471
 86.500000 28.950000 0.007988
 84.000000 29.000000 0.020207
 84.050000 29.000000 0.013912
 84.100000 29.000000 0.009731
 84.150000 29.000000 0.002185
 84.200000 29.000000 0.004095
 84.250000 29.000000 0.025181
 84.300000 29.000000 0.045655
 84.350000 29.000000 0.043742
 84.400000 29.000000 0.023889
 84.450000 29.000000 0.009735
 84.500000 29.000000 0.002231
 84.550000 29.000000 0.003862
 84.600000 29.000000 0.011850
 84.650000 29.000000 0.029910
 84.700000 29.000000 0.041485
 84.750000 29.000000 0.034372
 84.800000 29.000000 0.020180
 84.850000 29.000000 0.006422
 84.900000 29.000000 0.004172
 84.950000 29.000000 0.006612
 85.000000 29.000000 0.014099
 85.050000 29.000000 0.025872
 85.100000 29.000000 0.029098
 85.150000 29.000000 0.025648
 85.200000 29.000000 0.015151
 85.250000 29.000000 0.005772
 85.300000 29.000000 0.001587
 85.350000 29.000000 0.005016
 85.400000 29.000000 0.010239
 85.450000 29.000000 0.011754
 85.500000 29.000000 0.009110
 85.550000 29.000000 0.007234
 85.600000 29.000000 0.008389
 85.650000 29.000000 0.008702
 85.700000 29.000000 0.008758
 85.750000 29.000000 0.005163
 85.800000 29.000000 0.002353
 85.850000 29.000000 0.002247
 85.900000 29.000000 0.005437
 85.950000 29.000000 0.007759
 86.000000 29.000000 0.006827
 86.050000 29.000000 0.004822
 86.100000 29.000000 0.005836
 86.150000 29.000000 0.010390
 86.200000 29.000000 0.012259
 86.250000 29.000000 0.012315
 86.300000 29.000000 0.008191
 86.350000 29.000000 0.003683
 86.400000 29.000000 0.001452
 86.450000 29.000000 0.000612
 86.500000 29.000000 0.002427