-7.500000e-01 8.847897e-01 -1.000000e+00 1.000000e+00
1.000000e+00 4.432155e-01 1.000000e+00 1.000000e+00
0.000000e+00 9.248732e-01 1.000000e+00 1.000000e+00
-1.000000e+00 1.314895e-01 1.000000e+00 1.000000e+00
-4.000000e-01 7.459139e-01 -1.000000e+00 1.000000e+00
1.000000e+00 6.342104e-01 1.000000e+00 1.000000e+00
1.000000e+00 6.725121e-01 1.000000e+00 1.000000e+00
1.000000e+00 3.559918e-01 1.000000e+00 1.000000e+00
-1.000000e+00 3.147507e-01 -1.000000e+00 1.000000e+00
1.000000e+00 2.852531e-01 1.000000e+00 1.000000e+00
0.000000e+00 1.000000e+00 1.000000e+00 1.000000e+00
-1.000000e+00 2.351768e-01 1.000000e+00 1.000000e+00
-1.000000e+00 7.903743e-01 -1.000000e+00 1.000000e+00
7.000000e-01 8.524727e-01 1.000000e+00 1.000000e+00
1.000000e+00 4.254979e-01 1.000000e+00 1.000000e+00
1.000000e+00 5.521369e-01 1.000000e+00 1.000000e+00
-1.000000e+00 1.976040e-01 1.000000e+00 1.000000e+00
0.000000e+00 2.058229e-01 1.000000e+00 1.000000e+00
1.000000e+00 4.727880e-01 1.000000e+00 1.000000e+00
-1.000000e+00 5.064719e-01 1.000000e+00 1.000000e+00
